0,"sys_sprite_p1",0,0,63,63,0,0,0
1,"sys_sprite_p1",65,0,128,63,0,0,0
2,"sys_sprite_p1",130,0,193,63,0,0,0
3,"sys_sprite_p1",0,65,63,128,0,0,0
4,"sys_sprite_p1",65,65,128,128,0,0,0
5,"sys_sprite_p1",130,65,193,128,0,0,0
6,"sys_sprite_p1",195,65,258,128,0,0,0
7,"sys_sprite_p1",0,130,63,193,0,0,0
8,"sys_sprite_p1",65,130,128,193,0,0,0
9,"sys_sprite_p1",130,130,193,193,0,0,0
10,"sys_sprite_p1",195,130,258,193,0,0,0
11,"sys_sprite_p1",195,65,258,127,0,0,0
12,"sys_sprite_p1",260,65,323,127,0,0,0
13,"sys_sprite_p1",325,65,388,127,0,0,0
14,"sys_sprite_p1",195,130,258,192,0,0,0
15,"sys_sprite_p1",260,130,323,192,0,0,0
16,"sys_sprite_p1",325,130,388,192,0,0,0
17,"sys_sprite_p1",0,195,63,258,0,0,0
18,"sys_sprite_p1",65,195,128,258,0,0,0
19,"sys_sprite_p1",130,195,193,258,0,0,0
20,"sys_sprite_p1",195,195,258,258,0,0,0
21,"sys_sprite_p1",260,195,323,258,0,0,0
22,"sys_sprite_p1",0,260,63,323,0,0,0
23,"sys_sprite_p1",65,260,128,323,0,0,0
24,"sys_sprite_p1",130,260,193,323,0,0,0
25,"sys_sprite_p1",0,325,63,388,0,0,0
26,"sys_sprite_p1",65,325,128,388,0,0,0
27,"sys_sprite_p1",130,325,193,388,0,0,0
28,"sys_sprite_p1",195,260,303,362,0,0,0
29,"sys_sprite_p1",195,0,258,63,0,0,0
30,"sys_sprite_p1",260,0,323,63,0,0,0
31,"sys_sprite_p1",325,0,388,63,0,0,0

32,"sprite_misc",90,13,105,29,0,0,0

33,"sprite_cars_01",0,0,128,193,0,0,0

37,"/smoke/sm001",0,0,64,64,0,0,0
38,"/smoke/sm002",0,0,64,64,0,0,0
39,"/smoke/sm003",0,0,64,64,0,0,0
40,"/smoke/sm004",0,0,64,64,0,0,0
41,"/smoke/sm005",0,0,64,64,0,0,0
42,"/smoke/sm006",0,0,64,64,0,0,0
43,"/smoke/sm007",0,0,64,64,0,0,0
44,"/smoke/sm008",0,0,64,64,0,0,0
45,"/smoke/sm009",0,0,64,64,0,0,0
46,"/smoke/sm010",0,0,64,64,0,0,0
47,"/smoke/sm011",0,0,64,64,0,0,0
48,"/smoke/sm012",0,0,64,64,0,0,0
49,"/smoke/sm013",0,0,64,64,0,0,0
